+4.(883) 986.6617
+7.816.188-9275
(811).923 6111
(055)-674-1460
+8 885 088.1910
+2 372 588 1046
+1.344-527 5486
(596)-701-3989
508-584-4279
+5 753-026.1164
+0-278 538-0879
+2(474) 826-4062
+7-553 669-4432
+6-131-082 8039
+16102347336
608-336-7444
+7-9950761939
767-344.6022
029.671.9454
67556976343
+5(435).764-4141
276.367 3273
+6.(366).982-0476
+9.305-311 8281
+0 123 458 7218
(552) 272-4620
+1-033.305 7748
+16102347226
+0(314).096 2971
(860).013-7787
28124217161
+9 (593)-767.1325
936-336-3951
880 475-9128
+16102347335
+6.526 380 6788
(149)-037 3561
+16102347377
+8 995.062-1821
+3 696-077.5707
+7.237 409 7200
+8-(419) 265-1065
+8.(492) 741-3912
+7 079.926-7614
+9 790 971-4107
+4 (960).617-1289
+16102347252
+2 (303).437.4984
970.493-4639
(534)-213-5911
+2-057.239 9022
(010) 169-3208
+3-(219).985 7846
+0.(056) 164-5488
+0(101)-500.4756
(530)-306 8121
+0-474-396-2468
+16102347261
+3 (402).427.3479
+0 796.804.2917
+16102347239
518-966-7987
+8-557 140-7174
+5-865 007-7511
+16102347192
(441).735 8410
+7-0804951297
+5.(628) 949 5048
+3 352-905-8562
+9(468).707 3353
+0-(973) 406.7048
+9-(336).594.2328
+16102347337
+5.(579) 714.4243
(459).805.9270
+9.(881) 126.1257
+16102347325
+4.(630).648-5524
+6-(687)-102.8037
408-758-5015
+2-041 633 3104
907-870-5536
+7-(731)-355-0006
+5-400 310.4110
+6-243 652-2015
+6 685-069 6778
650-803-1936
(680) 064-5203
+2(521).589.0308
43927404029
+7.5648269068
+2(863).279 4496
+2 (874) 450 6915
+3-299 166.5971
+0 (814).739-3065
+1-6239816502
+4-(824).923 5915
+16102347316
+7(953) 577 9351
+6.913 389.8397
+9 (531).512.0972
+3 (905)-594.8702
+9(862)-790 0861
212-260-3151
+1(860).454 2381
+1 306.907-7019
+5 721 630.1672
+7.889.168-6660
+3-979.146-5668
+4.7767875428
+8(797)-179.1591
+16102347354
+9.(400) 214.1106
+8.(186) 401-7000
+8 (463) 022.4693
(117) 586.0270
+16102347372
+9.808-181.1622
+6-(955)-766-1138
+2-(995)-571 2318
+2(495).808-5732
+0(505)-890-5866
+0.(034)-453 4680
201-971-1638
(840) 541.5062
+2 (199)-731 3837
775-501-8109
+1(844) 588-5790
+9(474) 800.2426
913-388-2079
410-655-8723
+5.205 021-8741
+7 (248).959-3252
+0-(469)-502.7519
+3.683 526.7835
601-544 7386
+8(086).821 6107
+6 922.635.9074
+8 (751)-008.1740
+2-(734) 531-3930
+3.(619)-814 6142
+3-465-751 4607
+6 914 177-6392
419-503-2484
+1 205-496.6677
+3 499-463 8224
869 939-4219
+2-534-448.7078
247-560.9401
+0(575).028-2863
+8.(971).958 1506
+7.(102)-567.4785
+6-891 705 0934
+0-(721).072-9361
+4-(520) 461.9895
+16102347317
+0.(002).636-1895
(622).694 5915
+7.928-485-8977
+9(660)-474-6020
+6 (981) 311 8080
+8.(837)-218.7651
+7.763 130-4120
+1-764 908.9182
+9.108 672 3237
352-242-2570
+0-(485).805.2552
+0 228-839 9089
+16102347215
715 763 2545
+5-(850)-901.0053
+0-681-870-8793
+16102347299
+16102347315
+9-(508).108 9126
909-639-9887
(333).100.6779
(090)-583.6056
(940) 754-0972
+0.2410725973
+16102347301
+4.089 165 4734
+4 (258) 353-5054
+8 324 032.8360
+5.(962).883-1264
+2(714) 784-2701
+7.046 793.7943
+6 087-911-3194
+3 890 635.0774
+9.(607)-994 4755
+2 (784) 892.7215
(125) 449.9623
+8-413 623.8293
789 054 6577
+7.153 998 6819
401-960-8259
+6 926 328-8989
+16102347286
+6 968.277 1228
212-402-9216
(400).178-1219
871.293 9040
907-797-9628
+8.(877) 217.4124
171.209 5388
+16102347298
+2 655 372-8908
+16102347295
+4-662.630.0194
069-834-8063
+0.(975).012.4975
315-304-4759
(318) 323 0090
+7-658.994.0479
+16102347260
383 891.7430
+16102347238
+1.(052) 683 6368
+8.(639)-011-7284
+5 (391)-039 5716
+16102347368
+0 (207) 008 8081
+0-010 628.3005
+3-733-367-0212
+3-068.232 0836
+2.(424)-680 9790
+1-(342) 254 7998
305-385-9695
+9.(970)-293 7624
+9 312 829-0746
+8-014.331-3511
+5-106.249-6430
501-308-1040
+5-(354).540 5521
+7(064).303-6619
+3.(902) 160-2990
+1 (126).280-4889
+1 (874) 251 3610
+0-(104)-763-0554
+8 095-471-0634
+3(756).056.8032
+6-648-342-7437
40115291379
(851).252-2907
+5 (220).725-2594
714.449-3521
+1.(283).891.6539
209-563.2714
256.939-6333
+1(178) 509 5278
(106)-295 9011
+7-(146).962-8008
+9 003 753-0496
+2-(775)-778.2405
215-874-1229
952-334-9408
+5 (431) 172 7323
294 829.7622
+9-(026).342-6330
435 824 7468
751 588-1788
+3 (295)-364-9683
+16102347274
+3 2853795968
+7.(821).406 5838
+5(731) 985 4349
+2(650).330.9061
+1.145.302-7313
(768).183.8822
+6.(080)-034-7869
+7.(245) 506.1486
+16102347180
+5.254.880.3636
387.787 9986
830.309 9406
310-560-8022
+7.867.736.3714
+7 (297)-954-0940
+9(387).085-4806
+2.817-051 7943
+3-(799)-175 6592
+5 181.178.1683
+2-386.442.0809
+6-914-229.9205
+16102347341
+1 867.234 4485
+8(016).201.2540
+0-083.910.9416
(148) 608.0333
765 555-8748
+2 323-165-8557
+16102347338
(811).278.1876
+6-066-693-6570
+6(099) 528-3029
+16102347362
+7.(703).255-9599
+8-776 361.8418
+8 145.427.0970
+8-877-245.1560
+7(317)-121-1798
+0 (338) 373 1171
(707).655.8180
+0 034 631 6493
434-062 0877
+7-522.480 1933
(939) 492.1571
+8.(785)-007.0727
936-947.5861
+5 (897) 484.8055
+0.366 319.6854
+6.(138) 335 6051
978-697-6263
+9 (869) 301.2138
+5(903).948 8150
43911721933
718-206 0583
(660)-527 0275
+6 (201)-973-3517
+16102347310
+2-(184).742.7803
+7-(378)-112 3664
+4 (121)-490 0271
+0-789-719 0687
(210)-466 3059
+3 747 974 8160
+16102347223
+16102347363
+4-(413).739 6014
+2.(249).794 9382
+16102347222
+7(012).460 2428
+2 081-240.1268
+7 (346).816 8981
(481)-869.6849
+16102347333
+8.637.929.7424
980-571 9843
+0(437) 306.9833
+1 268-232 9042
+2(334).581-6952
(915) 156.3831
+8 (831).599-6736
+16102347213
+0.215-428.1532
+6.312.152-8730
886-551.6687
+8(905)-533.7473
+16102347182
+1-(086).332.5959
+16102347233
+5(450)-052.3952
227 486 9781
410-387-5260
(195).131 4029
+3.823.644 2818
+8 736.584 2817
+6 (664)-529-2584
+3 860 798.3614
+7 860.498 3687
+8.001 228-6201
522-043-6518
751-026.3081
401-458-2547
+2.025-777.5455
(593).763 3194
+7.(692).231-4322
+4.(390)-237-4815
+0(324) 039 9903
+2.(821) 622.1344
+5.(886).240 1570
(337)-466-3023
+16102347294
(003) 602.1424
917-022-7009
+7.936-844-5824
(912)-349 7555
+16102347211
+3(148)-152.8288
+0.238 386 8207
+4-(538)-913.0838
+16102347209
+16102347216
+9 384-873-4506
+9-242 405 7512
+0 (045).663 8365
190.424.0512
+6.117-822.4644
+4(070).996.5488
773-775-4522
+16102347185
+4 001.276-6227
+9 104-372.9774
+2.(292) 145 0380
+7-(069).638-0947
+1 143.960 1277
+0.(636) 878-7660
+7 (746) 518-3048
+7.287.281.4087
+0.(380)-035-3332
+2 749.141.6486
+7(533).592.3908
+4-925-582.8262
973-245-2133
352.283 7928
+7 326-679 9103
+7 (535)-315.8984
+0.052-776 7414
908-409-2890
+2(646).153 6576
+3.022 440-7483
+4 8501132429
312 147-5601
718-809-3762
+8-465.318-5251
+7-(184) 029-1839
973-943-3423
+3.957-570.4921
284 439.2902
662.734 2766
305-606-7291
+8-(084)-615 1708
414-661-9598
+16102347344
+1.(432).731 4366
+5-(987)-505 6484
977 003.3495
+5-7775071540
916-591-3277
498.819-5556
+2-8130102345
+8-868-321-7131
678 432-2905
972-666-3413
559.843 2008
+9 0640228862
+0.(630)-261 7063
617-491 0591
188 042-8409
214-339-1809
+4 805.970.2064
+4.085.797 1329
+8-(546).225-9861
+8.(705)-030-8150
+0-(185) 605.6411
+16102347184
+1-655-956.7360
(068) 585 7522
907-741-1044
+1-111.171 4259
(913).760.2359
650-528-5783
+9 258.877.4834
+9-(829).736.7773
+5.596 563.4665
+0 645 990 2461
+3-(142) 368.4382
+2-(394)-932.5318
(157).576 9610
+8 1477884447
711 527.2974
(388) 863-0178
+3 (535).352-4536
+2.(189) 991 9414
633-985.7245
+4 (331)-878.4300
+7-(913).852.2615
+1 4210604499
+0.260-945 9793
+1 460 839-6616
+1-0977491334
+1 367-904 4043
+8.8432117762
104.002-9888
+0.435 573-8287
+16102347361
+1.953.082 4154
+16102347348
485 826 0354
969 128 6941
805-832-6163
+4(990)-568 1483
+16102347313
+5(374) 536-0881
+1 (490).655.4925
+5 (229)-649 9594
+0(747)-792-1189
+16102347186
+8.(931).728 2263
(916)-817-7246
+2.922.416-0411
297.367 3327
136-714 4198
+3.(396).880.2788
+6-(393) 180.8225
+6 (590)-646.6801
+4 (502)-670.6273
+7.(758) 937 6756
+16102347251
+3-(193)-524.3965
212-582-4976
(410) 708 1547
+1(602)-776 8876
+3-3441041023
+2(217) 536 8873
+16102347247
+2-462 480 1479
+0 (485) 001-6593
165-641.9559
+4-(056) 572 1429
931-313-9635
+4.580-854 6497
+7.545-757.9672
+5-(552)-787-3264
(180)-785.6383
+0-(006).480.8070
510-828-7047
+16102347204
323-453-2780
+5(326).068.0503
+7 036-602 6254
+2 (282).565 0717
+8-246-225.4838
+1(132)-361-3464
+16102347376
+0-255 115 3251
+0-(147) 580.0201
+4.(676) 466 6650
+7 818 119-3545
+0(788) 414.0510
+7 (604).877.5024
414-959-2540
+1.(892) 833.1469
+8-(186)-417-8648
+16102347179
894-895 4082
+8.129-932.8673
+9(057)-444-0265
365 931 6591
+6-(334) 304.3500
+0.(454)-227.4669
+7 481.032.6022
+2-752-087.8063
414-748-1374
+16102347229
+6-936.954-2320
904 876.4326
+4-413-086 9617
651-591-2583
+8-042-887-5643
+8.246.853 0722
+4(744).480.6602
(535).393.0694
+16102347359
+4(866) 893-9137
(147) 986.1342
367 901 5215
+5.258-575-5021
+9 (572).341 6380
576.237.4433
143-845-5031
+7(403)-336 9618
715-662-6764
+9-639-901 8347
+2 856-090 2118
(591)-976.4367
631-748-6479
(935)-296 3542
+16102347374
609-524-3586
541-326-4074
239.330 3810
(215)-770-7255
+16102347282
+3 (432)-404.6221
(226)-565-1658
+8 (492) 150.0904
+7.334-708-1895
(615) 683-5271
510-955-3016
+7 (924).030.5405
311-705-4079
503-516-2189
+3(142)-206-7765
+1-(442).852.9473
+7 (964) 542-2416
+0(963)-271.3299
+16102347345
+7.(989).410-3682
(128)-490-0622
908-877-6135
+8.(975).968 4267
+0.3835350012
+1(362)-404 9610
+8-196.798.3980
(498).371-1902
+3.951.877.0068
516-509-2347
+9 229-557 0635
+8.837.389.8854
+1 142-549 3781
+4 (958).006.3143
+8 786.111 2886
+2.(806).720 4229
419-544-4900
+3-(522).197-3333
+16102347272
+2 (533)-001-3282
146 247 7670
+8.2748699049
+5(800) 380.0415
+6 120-407-2682
+2 566.684-0732
+2(396)-292-5982
+4 (116)-518.2609
+4(777) 874 4861
+3-(493).817.7682
+0.(699).940 5392
+8.9654450310
(206)-906 4531
+8 420 688 5904
318.655.5716
+5.606-368.4870
+4(304) 263 1564
+3(559) 131 8596
+9(751) 254.6573
303-301-4946
+7 (911).508 6542
+4.(180).198.0488
353.536.5379
+7-(155).333 2969
+4.(118).562.5851
+0.290.703.2855
+16102347291
+3-274 971 4481
+1 (733)-515 7563
+4-(303).477-3764
+16102347353
+4(528)-681-2382
+2 495.854.0351
609-518-7697
+16102347358
+6(273)-429-7046
+0.(507).713.6129
(543).832 6876
+7-412-613-9766
856-487-5412
+7 (704)-495 6559
+6-9930516516
+9-(557).617-5504
+3.577-559-3031
+16102347228
+8(182)-242-3694
267.159-0154
+16102347350
+4 983 289 5625
+6 (373) 195.2214
+4-(849) 240 9089
973-354-2040
+2-(958)-096-7349
+1-801.940.4143
+16102347190
+5.7275079015
+1.0340632849
+1.(530)-836-6341
847-979-9545
+9 474-836.5587
+1-494 268-8190
+6-(277).445.8659
+6.(833)-686 3211
+16102347308
+1-(690) 098-7528
919-225-9345
+9.390 948-9370
+2.(468).387 4430
+7.(836).021 9408
+2.(803)-077-3047
(550) 524-8680
+8(108).894.4685
+9 296-964-4154
908-877-8409
+4(741)-697 2382
+6(586)-482-1943
+4.(281).555-1008
+2.(272)-769.8380
+16102347357
+8-(354)-745-7326
610-545-3615
310-498-5651
610-814-5533
+8-782.013.4743
+8-(464).272.3038
229-735-3378
+5 (406).304.7350
+4 744 247.5313
+4 (036)-847-6129
+9 (151).051 1311
(299)-997 9112
+2.(942)-313.7516
+5 977 183-1831
+0-257 293-4004
908-802-3564
+8 (381).550 5020
(725).877-3512
+9 (271) 198 2932
+0-(241) 610-4486
+9(768) 979-2196
+5.(748) 590 5957
+2.293-082 1520
+0 602-851 7200
+5.684-461 8229
+16102347242
+7(000).487.0504
(270) 702.6351
245-308 1879
+4-843.151 2559
+16102347366
+5 189-595-2776
+0-(249)-705-4201
+4.415-657 5793
(423) 822 8813
326.045 8440
+0(508)-912.8952
+4.(009).828-1899
+0.(541) 729 6131
+16102347199
617-399-5124
+1.(218) 601-5865
585-866-8313
+4.971.229-7981
+5.(879)-953-9896
+16102347300
210-812-9597
+8.(000).027.9764
513-508-7371
+16102347217
+6(551) 994.3108
(195) 394.6292
+16102347195
+0(576) 025.5121
+9(126).771 3477
+8-(425).013.4538
+1.(598).277.1136
+4-045 495 3469
+8.1310559735
+9-(712) 510 9758
+1.335.692-3793
410-914-9018
+7-847-937-1248
+1.121 378.8130
003-113.1749
+2.(336).490 7229
+0 207.606-5920
564 693.8224
+6.(531)-255-0191
+16102347328
605-414-2147
+3.344.549 9694
715.514 0055
+0 (306)-476 3869
+1.(085)-217 8295
+5(428) 545.3773
303-623-4241
215-934-8655
914-855-2115
050-085-9069
410-209-9545
+16102347331
+7.796-440.8323
+16102347194
+7 129 571-0386
+7(919).382.7360
+6 (260).799-8963
291-176.4836
+5 414 838-0039
+4 867.252-3921
+4-(444).107-5053
+16102347254
+7 870-400-7693
952-768-2416
+2(387) 909.5635
+3-(332) 381 5303
+0 7580400581
+6-421-821.0599
+7.991 077.3180
+5-913-659-5976
+6-942 417.1231
+1.(349).507 4178
+7.(550).990.6792
(821) 977-7378
+6-(244) 655-8049
+8-(235).621 6724
+16102347246
+16102347202
+9.179 467.3762
+5(228) 588 8030
+1-869.251-4055
+3-579-851 6112
+3 (487)-921 4350
+4.(775).546.5340
814-393-5571
+16102347245
+5 (681).488-0545
+5 125.392.2777
+7(529).869.2594
+7 (076) 649.4232
+8-(795)-901 2958
+9-(320).899-9486
(553) 330.8833
+1 (482).315.5094
+0-(349)-631.9595
+1.317.879.0889
+3 576-782 5229
+9-563-255.8790
+1 (657)-148 7822
+5.(123).647.8909
+4-888-027.6781
104 595-9924
+16102347256
+16102347273
+1-(051)-593 9159
+4-4582512957
428-745-5930
+7-015-451-6953
+6.823.668.8812
+4-(066)-268.4763
+9-(489)-835 0165
+2(101)-142.6241
+0.049 895-6923
+4-(912)-525-3853
+6 (811).358 0685
821 957-4869
+16102347270
009-629.5071
+4 037 467 8031
(172).416-8887
+8 499.761 5176
+9.501-105 0998
+16102347289
+7 (183).497 9700
092-989-8896
+4(570).064.3522
(759).703.7716
+4 727 272-2498
009.853.1567
+6-(276) 995-2888
817-914-7518
+6.(908) 777-5844
+0-591-176 5698
+1.187.066.5401
716-905 1625
+16102347263
+2 (502)-028-6702
+9 038.410 0599
+16102347346
(990)-970 1064
+16102347375
282 884.1441
+16102347221
+5 (493).271 9179
034 440-1993
773-573-6914
+3.701 908 7762
081 099.1723
900 467-1275
439.451.4483
049-096.2033
+3 593 891 3437
+16102347302
504-710-5840
+16102347201
+16102347188
+6 2989375099
+6(441)-576 7598
+1.(933).019-3293
(784) 442 4702
+16102347269
+16102347234
+0-(574).420-5691
+16102347343
+16102347309
377.480.3991
510-503-7169
+8-878 239 2035
+4.(580) 015-8180
+3.973-657.4837
+9 759.319-9966
+4.849.439.2082
+16102347288
201-672-1553
+5 421-339-6440
(887) 958-1790
+0.(421) 491 6637
+4(216) 830 3577
+2-(373).074 7778
+1.(217)-723 0003
+8-(472)-649-8717
718-332-6527
+16102347210
+1.463-513 4137
(476)-787-9798
+6 880.779-0672
+3 (582) 664-9124
+1 149.486 2553
(519) 480-7837
+7(488)-194.9909
+4-(585).071 2054
+9 (775).969.3857
+5 (248)-418 7613
+8-658.474 4965
+16102347191
+1 (387).798 8303
+4.(156)-448-7306
+4.770 361.6371
(521)-039 4954
+9.029 823.9609
+4(460).782-1090
+3.672.291-1042
215-255-1641
(218)-497.3202
+5 (675) 228-4350
(826) 649 8189
+9 692.417-5644
+16102347327
+0-224.014 0854
+3.(700).364-5370
650-933-5072
+3.(351).100-5960
+4 (624) 218-6580
+16102347255
+2-(560)-368 6890
+7.(493) 033.7689
+8 (235)-018 8993
847-728-7286
+0 424.117 8449
510-677-9785
+16102347181
+0.966.076-4816
415-767-6596
+1-699 003 0945
+1 790 889.7768
+5-7732502803
+2.(631)-951-5812
+6 587-857.2001
+7-5874865109
+16102347297
+3 259-320.3386
+16102347219
62644657222
+16102347220
321-749-4981
+8.(756) 765-0763
(104)-895.5048
+16102347326
+0-534-655-3083
(764).031 5095
+6-7282484147
+1 (214) 298.5163
815-828-2147
773-446-5569
310-579-2907
+7(361).255-4179
+4 341.057-3619
(328) 863 2506
+7-2129075207
+4.107 434.9193
+8.418-031 1044
+2.693-737-6454
+2.(519)-758 0470
(272) 896 9197
+7 (615) 027-9064
505-975-8559
+4.376.211 8755
+6-569.864.6156
+8(281).267 8685
+1 (765).420 6290
(750).087 6707
703-235-3937
785 005.6712
+5.962 272.4353
+9-(953)-826.6787
+3(792) 771-8430
+2.(862).348-1851
363 682-7801
916-692-5024
+7 744.380-4994
+7.(149).582 4041
+2-848-823.9757
+6 308-251 3607
(587).732-6827
+4.(902).801.3519
+3-(955) 214.7057
+5-(513) 256 9872
+8.(127).552-2203
+1-327.692-2509
+2.354.158-4750
+9.(889).632 4516
+7-371 631.6503
+3.(007).495.1117
(392)-525.4515
+16102347312
59651182152
+9(180)-138 1780
+2.005-220 2563
+0 656.758 9008
+1(120).145-6516
+2-777-751-0840
791.567-5358
+4-(367) 814.0052
+6 (896)-015-2440
+2-214-116 5235
+1 5781583338
+3 (838) 959-8624
+1 (016).422 1491
229 871 0062
+6-484-476-1790
+1(283).366 7740
+4.(446) 736-0113
430 592-7997
+6-(638) 794 0970
+2(000)-188.1694
808-215-6832
+16102347189
+2.6014123269
+0-382.137.8678
399.100.9172
+2-387-714.5627
+8-(075)-703-5770
+1-(090) 562.9189
+6 725-789-2086
+3.(746) 705.4147
+2 6835393940
+0(247) 458-0527
+3 (941).672.9477
+2 0257166270
+2.752 200 5391
+4-8457458468
+9-(447)-707 3197
+6.5483512859
825.401.9972
+9-(094)-730-3412
+2.917.911 5581
+9-(511)-102 4061
+0-626.009.6068
+4.207-596.2679
+16102347347
+5-847-382.2156
(279) 945.0000
+5.(676)-200-3015
(532)-681.7354
+8(983).554.3047
408-540-1785
61514097257
(637)-129-7803
+5-(771).635 2227
+1-8138663589
+9(533)-842-2580
818.168 1104
(665).468.1568
+7.(811) 100.1240
+1 (280)-289-4990
+5-483.164 4529
602-277-4385
+8(499)-446-1825
(085) 196.9705
+16102347235
+1 950-450.9960
208-862-5339
+5 528 545.4062
+6-218-859-6855
+1-511 953-7773
+9(310).342.6980
+8.(661)-833.2291
(086) 742 4736
+5.306-938.7145
+16102347351
770-507-8791
+16102347236
+2 096 281.1627
307-704-8713
503-527-5274
+0(438)-894.4060
+6.(943)-550.1313
+0 (825)-536-9544
(152).663-2898
(316) 891 0584
+7.(518) 875 3194
972-303-9197
782-407 9416
+16102347322
+9.491-136-8683
+16102347349
+16102347305
(888).558 5574
(086) 432-6599
+6.(261).718 5885
(416).674 0935
+9(311)-530-8595
+9 335.708 7948
631-335-3414
+4(120) 549-1990
+7-(420).381-7963
+1(819).519 5487
+0.941.321.6255
+3 540.533-5971
+0.(300) 282-1291
+6-651 618 3664
+16102347319
+4(837)-890-2932
85068097501
+1-(778) 500 0071
814-460-2655
+16102347311
+0 (193) 555.4153
208-649-2373
+1-(247)-432.1898
+6 528-577-2805
128.094 2319
+2 384.896 5417
+16102347267
(254).609-0326
717.644-0403
604 299-8005
+16102347323
+0.695-298.8086
+4.(954)-188.8779
+7 5831714492
808-892-7943
+3 (790)-861-5578
+4-(010) 328 9899
+0 (066).848.8330
(109) 447.1805
(401)-900 6782
810-292-9388
+8 379.209.4873
+2.(068).618-4087
+5(029) 706 8273
363.704 3013
+5.647.458.7323
+6-361 126.7071
+5-817.554.0846
+3.085.089-7038
+7.972-922-7192
+1 (702).822 7359
(428).924.8918
+1-(528)-709-7448
+3 (154)-689 8494
+5.(689)-180.7752
+6 (340) 150 2743
+4 (699) 692 0921
51814129065
(208) 694-5980
+5-180.913-3200
973-545-7355
+5 (838).303-5156
+16102347259
+16102347304
+2 (599)-182.4308
(554).435-1345
(008) 969 0230
(567) 070-9813
059 365-9845
+2.688-711.8346
+6 054.358 1479
10185787806
+16102347227
+1-(958).462-4016
(282)-288.1331
+7-557-213-4589
+16102347240
+6.058-577-5016
856-305-9731
+0(875)-557.6165
+1-618-002 4036
+4 5381696631
+0(022) 142.2352
+3 428.163-7843
+2-938-261 7401
+3 409 282-9709
(562)-558-1197
+16102347369
925-647-3298
+5 (745) 967 0161
(736).120-4844
+6.(713)-185-0152
(791)-725-3644
(283).538 6205
(086).496-8444
+0.576.796.0865
+3-076.578.5978
+2 459.897 2900
+1-4423607506
+7 429-193-7516
+7-148.420.9495
+6(544) 966 4175
+1 373-946 4240
+6 091.217-8608
+2-540.969 1729
+9 717 685 1746
+6-(228).809 1565
+16102347314
+8-(244).928 1965
+7 660.627.6107
+0-(301) 151-9037
+3-(802) 657 0124
+1.959-777.1429
+3-916-370.3517
+1-(204)-970-3664
+8 687-710-4945
+1.090-476 2007
+1-927 212 0797
+2.830.218 2552
+16102347367
+16102347243
510-993-3758
(242).558.5895
+6.299-539-1066
+16102347303
149-056.8654
+16102347250
+7-474-997-1833
+6.979.684 5600
+6-(842)-465-8935
+4-223.349 5212
+9.(149).861.8504
+0-750.388-8884
+4-(105)-704 3544
+1 (803) 794-9021
+3-(758) 835-5905
+7.858 647-4448
+3 (880).401-3669
712.962.5079
+8(396) 148 6100
215-325-3042
+16102347248
+9 524 577.6134
+16102347280
941-991.9142
(836).847 3843
+9 695.184 3843
+9.(835)-549.3417
+6 065.170-7193
+7-706-039 1523
+2(306)-024.1516
+6(109).285 6665
+16102347187
+6.(169) 549 5333
+5(943).882-2886
(556).149.5614
+9(137)-993 0893
+9 (655)-402-2215
+3.335 642-7406
818-423-4007
938-638 5911
+1-166-103 5737
+5.931.574.0033
(862) 842.7181
+16102347224
(922)-133-6775
+0(842) 291 1251
+1-(243)-768.7157
+6(849)-736-5186
+3-(292)-160 0622
(084)-314.3548
+2 409 666 5926
(771)-841-9150
+16102347178
+8 030.969.7635
+8-(862) 872 5604
+7.876-493-1605
+8 8403547856
+7.(054)-586-0075
+6 (674).026 9300
907-231-4722
+1(153).906-8643
958-911-5117
+5 (446) 440.4539
(286)-575-1478
+9-(960) 506.1655
+1 (110).771 2742
+5 (905) 848-6253
89196098554
+3.353-022 9532
+7-(046) 688-6957
+0(704) 609-5015
+2-595 530-3416
+9-(414)-239 5703
+2-443 437-0804
+9 (081)-560.3163
+9 (546)-602 2605
+2 399 706-5348
+8 (881) 415.5280
+6(267) 218 6119
+5-7421002964
+8.(196)-387 4039
(724).227-8093
+4-(940).943-1563
+0.(452) 866-1650
+3-269-176 4434
504-621-8927
(755)-547.8327
(077)-143 2644
+3(921).074.8746
+2.(666) 267.6419
630.756.3576
864-256-3620
+8 (377) 283.3548
(221).729-8592
+6-2067687586
+1 537-080.8991
+9 (090) 672.2778
+1.(454)-628-2085
+2 (840).588-3470
(537).271 0380
+7 (048) 899.4883
+5-(287).813-1139
313-288-7937
+1.444.305 9374
+4(350).641-5912
+0 608.720.3571
+16102347196
512-587-5746
+4-(625) 939 2557
(507) 105 0767
216-657-7668
+7 771 403-9890
+0-(007).731.7397
+1(941)-698 1069
+5(014) 276-1223
+4-948.901 7216
+16102347258
517 502 5418
317-722-5066
(565)-807 1450
+4 457-792.6108
+9-021 749.8482
+6 (079) 139.9201
+16102347208
+8.(328) 659.0335
+9(858).166-6086
+7 403.309-0441
+0(293) 047-1643
+9(977) 045.6445
+1 (339)-887-9484
+9-(313)-268-6187
+16102347257
+2-(342) 376 2051
+0 030 366 2971
+9 755 367-2525
+16102347218
+5(821).408.3688
+7.122 084 8247
+16102347268
+8.(199).892-6740
(373) 438 1975
+4(939).744-7434
+6.508 224 7779
+16102347205
215-964-3284
+7(600).400-7757
+0.(941) 764-3563
+0.777 296-5501
+1-(908)-170-7483
816.248.5059
+4-(526).729-5306
602-906-9419
+8-(348).148.0492
330-537-5358
+9 (726)-253.5856
732-234-1546
+9(384) 219.3878
+6.648-207-2343
480 779.5102
+3.(224)-761 4576
+16102347232
419-939-3613
+4-(251)-054.3211
+2-195 512-2614
+4 (065).300.9410
+8 583 582.6612
+9.(640).451.0424
+1.8261365076
+8-318 870-3336
+3(508).852 1105
(657) 800 7229
774.030 3622
(678).527-1393
+9 (483).767-9979
+6 570 834 8189
+6 581 205.7547
+16102347321
254-463-4368
+3 825 932.2130
(238).974.4513
508-429-8576
333-741.6593
+6.8073871675
972-934-6914
+9.472.610 7242
33779985039
+6(537)-454-0131
+7.(398).883.7309
+6 627 188 3895
+16102347241
+8.818 484.4946
+6 056 512-0747
+9 651 908.9975
+0-257-982 7741
+2.316.039 2588
+16102347198
(442) 994 8537
973-649-2922
+3-990.935 6706
+3-225-421 0112
+3(034) 922.2623
+8-(148) 986.6701
+6-013 698.6500
+8.297.891 8860
+9 000.675-1491
+7(800).779 5273
+16102347200
+0.525 082-1676
(734).566 5190
+2 851-251 6165
+3.139.769 5934
+1-910 264 3121
312-303-5453
+4 (678) 509 3230
(669)-013-6566
+1 (541) 629 9783
+1.274 158.8977
+0-494.726 1695
+1 (648)-789.6330
+4 (734)-197 6151
+2-(563)-241.4408
(104) 106-1624
+5.881 801 7392
+0.409 637-2538
+16102347292
+8-170.970.6928
+16102347340
+2(595)-667.1136
+0 (138) 084.7738
+6.(332) 762-9962
+3(685).109-5579
+6 433 088-6290
570-867-7489
(103) 318.1519
210.317-7489
(962).034.8489
304.845-5129
+3 (225)-564 6089
+2.358.644.3025
+2.(859).007 0594
504-741.5012
+0 (543).927 1538
+6-257-003 7102
+6.(392)-569 5125
+5 (925) 585 4890
+5(379).622 0289
+16102347324
+6-(691) 242-7988
+6-(325)-693 6298
+8 (503)-468 3994
+1-130-330.4573
(729)-478 0879
303-724-7371
986.713 0563
+2.058-033 9164
+9 941 614.7340
493 800 5465
(993) 513 9286
+6.285-934.1795
(800).527.6821
833 850.4176
+5-(990) 696 2117
+2-(103) 984.9064
+6-(738)-198-9737
(128) 781-5339
614-801-9788
+4.(750) 931 9904
+1 494 207 5958
+0.093 022 5478
(288) 463-3426
+0 083 319 8047
722 408 0922
+1.116-958.4456
+8-056-241.0567
+8 152.181.7929
(852).205.8669
399.670-0945
+3(558) 904.1728
+1 995-765-4530
551 978 8144
+7.(693).480 4334
+2.(294)-415-5499
+16102347339
+3 (768).819.4668
+0-(381)-635.0731
+1 (945) 879-2933
